2898.65
42256.59
4463.97
30879.29
1236.06
1902.01
11043.18
7783.52
5081.48
1310.4
16505.67
7981.67
1002.32
2341.53
1996.46
4487.23
4531.25
10817.94
1920.77
5361.21
2354.49
19835.68
1801.03
4785.34
6707.6
264.85
6573.9
2271.94
657.97
8184.55
1868.06
1204.19
541.55
11091.88
1702.62
354.58
13126.84
7361.83
551.89
586.16
27579.73
1729.14
83.38
9127.64
13706.98
124.28
2017.45
4831.01
1986.4
268.73
5637.33
2217.2
2655.28
90.13
12539.33
2169.99
4531.78
2068.47
3650.18
97.66
9306.6
461.73
11923.88
1307.72
13017.25
4872.29
4257.69
2779.87
6323.39
1115.72
22200.71
586.16
4911.0
3843.24
906.57
11091.94
2178.1
114.75
659.63
592.56
587.81
11158.89
3863.11
4479.89
2837.5
579.26
3443.9
3540.18
944.79
102.56
10979.41
4009.54
5521.72
941.83
5117.61
6397.51
5059.95
4220.94
7222.83
4321.71
6550.78
5030.74
3314.82
13066.61
350.91
2832.07
1430.45
103.68
6756.65
1667.52
7347.47
1734.29
1045.97
8809.6
525.31
3129.63
8593.91
3453.45
7586.12
1706.41
5921.48
13741.59
9970.78
7962.95
3869.38
3914.06
4863.09
775.53
7487.16
138.99
715.87
16443.8
7183.29
48.14
764.46
2424.98
13246.15
5574.03
765.24
16210.7
676.69
3875.11
805.37
2651.61
7883.47
2356.43
15470.9
5767.3
1394.66
440.11
1816.92
12690.13
1608.19
3554.83
22.66
9525.87
1343.52
2894.65
11097.03
2071.07
2822.2
539.45
10975.55
1518.45
1806.7
9360.48
4896.04
11180.52
2388.64
138.51
8412.83
1701.59
1434.44
16120.16
3213.05
1652.66
4519.22
4598.29
2413.35
528.49
1750.61
12396.44
2487.29
5471.4
4341.73
1464.32
2211.69
2862.57
2088.38
1441.13
590.04
11629.21
11028.21
203.93
6101.8
2744.61
2167.09
3710.74
6298.13
3822.99
17526.34
5572.9
2198.58
2525.81
6395.25
6663.12
821.2
3912.96
4054.7
6970.67
5848.08
1197.53
1957.61
3083.55
6485.87
4362.68
15071.72
573.6
10158.32
2807.87
1485.03
21526.47
1158.22
13694.25
676.68
822.05
16238.85
1377.47
1868.91
11677.98
4244.47
839.81
6747.87
9079.12
7341.08
3812.62
1587.99
576.18
14793.13
2742.21
5477.82
777.18
4432.44
583.7
4186.43
977.44
7301.92
92.18
3165.62
1000.87
1301.57
8030.47
357.07
303.05
14683.39
4448.45
2323.56
2712.65
24519.57
546.17
9409.97
1988.16
1183.99
20000.76
50.84
11634.42
3473.32
3028.22
5249.85
4265.05
8144.09
3031.83
5931.67
381.6
3393.41
871.03
7075.62
947.14
6636.81
8499.89
899.17
5621.65
2449.3
7641.47
1554.48
6900.39
3810.13
132.18
21697.93
4573.33
3646.33
8206.21
15928.15
1425.53
1364.75
16674.01
8273.83
1707.62
8053.45
460.7
1553.48
1661.68
22231.07
3144.41
4271.97
2719.15
5186.3
3253.72
2117.19
12241.28
4627.64
295.67
2230.84
1943.54
3394.32
4340.26
6442.05
493.7
2862.07
682.14
24533.41
5870.71
3685.89
12466.27
2513.3
2245.5
4209.74
4868.53
5077.07
1059.61
3387.81
1787.53
4039.68
2764.07
16923.78
3211.77
60.68
1163.38
15078.38
2665.27
13542.3
4552.7
2070.93
2268.27
6083.39
2227.6
3900.57
76.13
1079.89
4846.03
11445.16
2670.95
7705.37
7128.82
3814.16
183.37
11973.36
1775.56
2612.16
3112.75
1800.19
11727.75
4080.93
865.96
844.74
11471.81
961.05
405.74
11183.76
13006.86
2470.02
22444.69
1242.68
430.09
6534.7
3873.53
403.74
676.77
5631.9
377.55
904.98
5010.83
2460.51
22869.68
8471.81
2632.92
5201.26
4390.39
6563.03
6301.81
1550.57
1647.9
5957.93
876.49
255.09
17849.83
373.71
2100.61
15438.45
3303.46
1450.9
2274.11
2933.07
1705.03
5573.35
12139.01
2354.22
15386.84
513.11
2128.96
226.58
1987.36
3712.48
740.12
2831.8
1516.31
522.3
11735.36
8993.91
1905.43
17074.62
12331.74
1671.03
2061.09
94.64
3357.23
12543.97
745.1
1866.82
19154.53
9029.46
265.12
2703.69
3087.59
4726.18
3183.44
3852.23
9869.0
10771.02
3280.81
5353.56
354.05
1662.79
1405.95
9085.53
2450.35
3088.65
3950.73
2094.25
12210.27
644.67
5321.67
7058.71
967.11
6085.03
3074.22
7296.2
5538.6
15380.26
361.95
476.4
7502.39
709.57
4278.11
704.99
686.79
17835.21
753.35
1039.22
1423.54
3830.04
239.52
951.4
3040.6
1197.57
17598.3
5093.51
3259.02
5382.57
2453.75
365.29
938.09
1233.97
2478.92
1053.46
320.89
12829.46
2068.13
11523.1
1470.17
1761.84
6853.4
945.57
7741.07
864.09
6353.34
1027.52
5640.44
1528.99
1979.04
1601.85
12606.0
449.34
1659.46
16816.44
6590.75
9259.78
1573.34
14400.18
7911.55
3909.07
1686.86
5867.88
8980.96
6272.01
505.78
14569.91
4738.64
1477.1
11257.73
4986.83
14360.56
1176.67
4318.16
205.4
473.99
17529.08
5037.15
1550.75
5087.27
4869.29
63.95
2892.31
10334.4
5460.61
581.8
5227.15
1888.1
2763.45
5288.58
4919.54
2212.22
1365.77
4293.49
6848.49
3004.31
230.86
5802.53
1001.12
984.59
4043.25
2566.42
724.66
10346.82
12087.97
3399.06
8460.88
4139.12
336.82
4995.92
4798.96
2862.02
2859.23
801.71
6365.41
2572.42
5721.92
1663.59
1583.7
22716.51
4262.92
4579.97
5660.44
3555.97
309.08
467.83
114.55
15276.31
1137.87
1746.36
1939.61
9553.98
170.99
590.29
7971.51
267.61
3242.67
822.47
1794.55
7650.63
1380.84
5942.66
7947.65
13361.11
2181.81
3575.85
2404.09
1598.48
16306.16
4048.08
5038.12
1021.81
1921.12
25560.69
5667.22
7787.94
125.17
7550.85
3562.33
5458.28
3885.23
174.59
3088.29
3479.94
103.35
5913.36
840.52
5227.79
1466.91
387.69
1102.18
7007.29
3055.92
9379.68
2259.45
2827.53
1132.78
823.82
3711.19
3267.73
886.9
1224.97
518.39
22956.16
5981.37
1120.33
12644.8
2937.92
13349.68
909.3
1082.53
425.41
3834.58
3078.92
3492.85
1943.4
1238.72
4583.95
5383.61
5299.72
5697.99
2990.52
3710.83
107.26
397.67
16821.51
6450.77
3190.16
12012.89
5091.33
1964.7
1929.76
11392.31
1394.59
15713.04
7307.71
3248.48
3924.51
2761.08
3479.09
9212.66
1159.63
1476.17
17820.77
10835.88
10174.94
6460.85
7120.22
2313.08
48.01
11318.51
5221.52
1052.48
18182.56
1009.43
4324.09
4478.18
4083.65
1520.61
242.07
21812.52
11768.32
6935.04
10383.44
1693.96
98.49
4657.82
5947.27
1086.38
2923.15
34.02
1479.14
4980.78
5762.33
341.01
15742.17
2256.44
4400.76
2272.99
15628.98
2268.99
953.09
4810.37
512.84
5716.22
408.66
2128.3
21734.55
18462.17
1685.68
10296.18
288.62
954.55
12047.62
5579.62
651.77
2014.76
16155.26
4091.6
15128.08
687.18
7231.51
1362.94
15659.22
4419.6
2162.6
6799.86
71.54
2394.7
2789.61
1015.09
224.11
3943.01
14503.67
7558.98
51.52
1510.48
21053.79
3059.32
21840.3
1891.05
2809.43
6719.07
175.97
4663.4
10924.93
1116.97
825.41
635.53
14131.55
3192.48
8921.4
7459.1
5882.04
2066.44
725.77
7799.97
691.76
22310.22
5782.56
7612.24
6917.96
303.01
9066.18
6808.95
7505.01
4015.97
6555.95
5937.37
1721.77
40.3
16829.17
3976.94
527.69
1416.07
2195.01
15649.74
1562.68
10241.26
17152.74
6994.66
525.88
9357.23
1041.91
15989.63
9354.34
1069.73
1114.48
15491.06
819.64
4703.39
563.51
381.85
15630.23
13239.19
49.81
4360.81
468.55
4179.38
3283.63
3277.29
1662.53
9357.34
2168.94
8107.39
9398.36
7169.67
2668.49
3455.43
4266.93
3765.18
2347.01
2593.96
74.95
825.8
12320.75
8344.86
289.6
4083.33
8344.18
2231.94
16382.02
7001.0
1412.79
4789.42
3655.04
537.73
2578.32
19022.21
32.21
5650.01
2510.32
7843.39
8189.93
613.31
4969.98
5704.99
742.8
6828.95
1414.84
4618.29
1615.77
3639.71
6846.35
1382.25
3947.57
7367.48
858.73
957.09
1088.02
2180.29
233.09
5724.94
663.59
9798.33
4490.46
15488.17
1537.59
1020.95
6460.57
14082.23
31.71
1221.93
2627.01
6768.33
5337.9
4938.87
1061.96
2574.75
20793.53
846.28
232.77
10110.6
1984.83
3901.99
237.23
1942.29
3886.96
811.58
6790.02
2788.96
12816.31
3761.91
1923.93
16735.81
5948.65
3213.49
341.38
464.85
15039.75
3256.44
1815.93
1660.57
6394.34
5464.19
473.22
11944.81
730.98
13074.98
6856.6
3584.38
1711.17
14723.66
4181.68
401.06
5671.74
675.78
9064.19
5639.52
5838.29
1580.87
2693.94
5464.06
282.24
2776.4
1451.73
1974.11
23119.05
812.98
8857.22
1030.33
11910.02
3383.65
1437.55
8516.81
1574.72
2837.84
3398.66
4196.99
52.77
518.78
15662.05
2467.09
8964.47
13788.67
4640.86
1083.07
1331.27
14466.5
5463.81
1182.8
5721.4
2955.51
6584.84
1463.22
3345.39
4359.42
2302.92
1650.06
4498.36
631.97
5793.63
5701.1
389.06
1854.7
8124.43
2964.58
17527.12
1196.12
12664.12
1787.58
11154.16
3768.8
3767.55
316.77
1015.43
6210.19
5214.37
1939.44
9523.7
755.66
1426.96
11373.92
1439.63
1736.31
12799.06
10435.81
472.72
17559.56
2048.38
27611.7
1594.72
676.31
3802.29
1415.56
4819.61
909.85
2196.0
1147.79
22690.65
