29722.27
862.52
14257.79
2186.43
45.13
18671.25
10002.68
11176.91
9943.15
25116.32
877.92
294.29
4578.61
12399.17
14917.58
2244.85
878.25
9560.91
2621.28
5476.33
3270.7
1702.56
4875.47
1548.11
6532.77
8205.93
354.01
3435.42
3671.48
912.88
19095.19
5553.26
9699.05
8119.54
2881.85
7026.9
4231.39
3491.89
3972.58
2280.23
6356.39
5343.06
2398.7
4446.35
1477.62
2304.77
5171.3
4100.38
8768.76
7008.68
5405.4
7069.49
816.26
6782.47
806.22
10543.55
3422.19
1821.84
2385.79
2682.09
989.39
1538.81
8201.89
2674.82
2861.5
3965.34
635.53
10603.95
4520.34
12878.3
1263.44
367.44
22774.25
569.41
10222.02
5372.37
6170.29
5527.49
2899.84
6508.33
2494.82
1276.06
1005.39
17589.91
7090.05
9461.91
2106.76
656.82
9398.26
5070.42
3103.28
4239.21
8488.77
2449.16
4083.25
924.68
5828.75
43.02
2335.84
7191.18
93.86
2853.1
14253.8
5386.88
1900.3
15196.19
2597.78
2404.24
11795.37
2806.49
17738.12
2643.44
253.08
10714.65
973.72
2405.48
1609.13
2429.17
3799.43
1515.99
1768.57
21475.72
5805.19
5328.88
257.72
599.84
6236.88
5381.9
3573.03
4259.38
918.13
12482.29
2524.03
9169.59
2341.47
9076.71
498.54
642.42
15700.84
2329.94
2669.78
1032.7
27017.14
111.56
2939.43
4041.89
9326.1
23.26
9485.58
3396.43
2878.71
832.2
9071.57
584.25
734.01
18635.29
485.47
964.75
1170.65
879.71
15077.3
1019.13
184.72
6220.02
894.02
913.55
5181.44
1433.57
815.82
1567.54
1141.59
590.63
6574.78
5720.12
3277.5
10421.72
2189.03
4369.52
1154.65
2414.66
11025.46
552.21
347.14
18322.27
189.24
3056.28
18222.5
5627.49
6991.84
2329.27
216.74
7350.23
2544.24
8628.12
2652.79
892.01
6531.47
5052.98
225.81
5162.87
3653.58
4632.2
3352.2
250.12
13209.79
2433.59
1251.63
8424.33
1523.52
3033.73
11020.49
3391.78
5268.54
2825.69
2071.85
7781.42
1152.28
3873.58
1067.71
743.98
17090.44
643.35
4080.52
1623.94
2756.48
8304.94
1595.66
2013.96
329.37
516.91
6554.32
4946.82
3931.15
1372.36
10509.04
1848.13
1613.6
1446.09
3456.79
1971.88
8245.22
15078.75
7580.16
2024.69
5633.68
906.03
1110.11
2844.76
1397.9
4346.52
1684.35
6520.22
1724.89
1281.26
15954.53
9508.04
3504.19
4950.53
1915.52
10108.16
5226.82
9391.9
10830.78
12789.18
6155.78
6120.91
5593.93
274.59
8886.68
1127.31
1966.07
21307.71
409.81
494.83
8425.42
1963.78
797.25
1962.43
5761.03
1871.64
72.41
20286.2
54.72
508.05
7347.71
9647.91
464.31
1522.23
4446.57
1713.4
1256.77
18566.04
5036.07
4671.08
76624.86
1834.91
281.04
7739.29
7782.94
798.81
1336.73
17036.69
84.59
3188.06
7737.81
844.25
4035.71
2014.24
17822.05
16115.99
1388.53
2235.91
3971.0
4955.97
6185.21
5699.78
2665.69
218.82
27322.16
726.77
5631.91
3938.6
5064.03
31.71
10374.35
6087.94
1443.48
6720.23
10615.15
11444.11
2497.42
1500.68
4973.67
2327.22
6168.77
1206.66
2879.02
5199.34
4822.6
5082.68
2290.0
1310.22
1072.32
15819.08
5321.24
3284.07
3629.9
11672.91
161.2
399.26
2950.72
6609.18
1340.31
1992.33
19433.6
1962.97
1833.82
1569.3
1610.96
19800.4
1446.11
879.47
2040.66
18811.39
1711.66
66.91
12444.2
1086.9
11509.02
10436.53
558.08
4949.02
3725.78
3682.29
10759.09
986.14
371.03
5071.09
5497.69
4215.01
11301.42
1159.44
14881.77
813.04
3330.77
1782.54
13291.5
6137.49
1948.79
470.79
7717.54
153.8
9545.37
4615.06
8504.93
1909.2
5757.96
5023.91
3303.99
8029.93
32.73
4853.48
2045.1
7590.44
12217.38
2530.44
2141.42
8190.52
870.28
10847.14
3689.63
290.17
16353.32
453.51
912.94
4634.33
937.82
4275.14
1429.32
4888.19
5955.35
62.66
3917.32
3444.32
8690.86
4848.07
1814.94
498.83
14241.56
5883.78
8348.95
11766.22
4144.56
5517.77
353.59
6160.13
822.53
3742.32
10549.5
4037.82
819.65
3273.9
1109.87
2325.43
6565.03
1008.72
391.38
12230.43
2170.55
2324.05
5542.29
19243.85
1898.32
2496.4
2346.79
2998.18
3141.82
71.54
13430.21
1366.77
14934.68
3897.74
2684.94
882.84
17491.5
174.44
8304.39
280.89
3063.81
1274.5
5405.68
1506.68
7270.6
2146.39
17060.73
24400.02
8359.24
1021.77
17767.56
3580.8
6383.91
89.68
4108.27
3345.02
4444.17
1677.0
1928.36
4942.33
1912.57
129.34
5317.71
1207.55
7169.94
8824.08
1666.38
14551.8
1826.73
6692.38
11109.14
5575.73
298.5
10399.06
7105.52
494.61
3116.67
674.52
2826.48
3148.37
1634.29
2080.71
2575.46
591.99
14110.13
855.77
1801.65
20714.59
3593.25
1070.32
15165.4
1099.67
940.91
3203.1
6072.01
7211.47
2462.64
1552.49
9531.67
4535.6
2515.98
12289.32
2749.12
6192.57
5857.95
267.5
2935.96
772.7
16054.25
863.91
2004.31
11805.01
5362.01
516.17
1579.9
19065.39
1220.69
1277.08
3274.93
3946.95
1367.27
802.75
6048.99
3035.97
6830.02
258.09
14641.78
1819.47
1207.18
17401.92
1952.41
259.62
11827.68
4395.51
3139.43
23874.05
24132.63
15246.53
482.54
6945.69
3555.09
2489.36
4757.8
2158.98
12585.25
2965.08
1903.88
879.64
15455.46
2039.8
15576.19
2771.07
96.73
16850.12
7316.64
15960.69
3705.49
1129.17
7432.15
5107.21
3209.25
13459.49
1483.45
535.97
14469.79
489.78
6526.29
9060.69
300.38
254.4
15860.54
1740.95
8206.15
217.31
2741.82
1618.45
1459.5
4904.67
3044.45
5060.23
14015.64
1187.65
8384.24
3781.36
4396.86
7641.72
2819.1
3293.0
1693.47
671.4
7137.46
919.63
3027.33
2404.29
6045.68
2560.89
488.31
5493.25
403.01
6909.93
7083.43
3071.96
6774.03
2123.41
5204.31
15046.78
120.36
2185.94
9004.54
3222.05
2363.28
59.15
5751.3
86.51
15231.73
8686.78
2345.01
1052.25
1126.09
312.61
8273.05
5628.97
3116.8
720.31
6109.86
2810.49
2413.2
7752.64
289.38
4020.87
4333.69
5104.88
3117.19
10075.79
290.29
2707.25
4028.78
9368.37
6467.07
12571.6
2661.6
3620.72
3938.12
5538.79
7059.41
1333.84
4549.4
281.53
503.87
17410.28
901.08
2486.57
7941.53
1190.9
5375.41
7536.45
4090.91
1185.39
5957.46
3878.02
5581.28
210.39
17215.01
3583.31
11367.3
1043.05
3859.89
3142.09
660.49
1168.65
1578.08
2135.21
4443.23
8285.24
547.31
15677.99
5040.97
9046.79
6836.25
5547.99
2046.42
2228.9
729.28
12780.74
11425.82
2676.16
16176.77
2173.98
93.4
8483.07
2440.16
1450.44
1882.07
6378.08
3637.54
623.58
3137.72
4609.08
7998.2
1312.95
753.27
806.87
1048.43
4337.88
3016.99
198.72
8419.22
6115.21
1701.36
979.43
8230.33
2008.74
3211.36
6402.43
10354.74
953.42
15984.09
6571.46
1587.93
3860.66
3204.72
2572.4
1205.08
1226.17
7478.34
3595.44
991.44
6815.59
2483.84
7372.1
4058.87
3905.6
1057.18
6460.43
7978.63
4861.91
1779.11
4337.46
985.57
1666.88
13693.04
1836.74
1434.58
10144.53
3935.78
10302.0
3304.92
1692.76
1963.65
5489.08
2363.34
4585.57
1241.4
6362.04
33.6
763.16
4703.11
13873.72
195.86
3321.02
343.39
3225.07
198.23
2405.4
3885.21
1955.86
2196.32
836.35
21614.8
5963.83
2617.47
10057.05
4893.39
6893.88
13830.37
4640.09
10148.55
1379.07
16554.59
1457.83
326.48
18556.28
2403.05
6709.07
1457.0
3916.41
1369.61
346.1
19702.56
8276.74
4116.54
2029.1
3620.45
2994.43
1264.17
7625.02
2761.6
3488.83
937.09
3747.51
351.21
1729.82
10102.59
2788.79
619.56
2750.79
17307.84
87.5
4341.31
4566.26
758.55
215.76
10781.22
1904.15
2226.7
1688.51
5309.65
2070.05
4523.27
7803.86
13756.69
1151.54
4840.8
3127.25
512.91
3849.47
7222.08
7447.32
1461.84
6034.39
1659.78
3572.43
1994.65
3743.44
7492.65
349.8
286.03
15357.66
59.49
8481.97
5879.78
3135.48
2479.07
4694.61
9103.78
2771.22
228.55
217.57
11187.52
704.52
5535.81
5751.65
2986.53
8315.69
1856.89
158.81
6463.72
412.18
6471.63
10520.0
1132.54
4530.95
13856.0
1564.71
1168.63
3052.28
7592.71
1971.55
12175.21
10359.86
1432.57
3075.39
16315.3
4059.37
974.64
4370.35
1031.89
7648.95
2004.88
8150.49
2778.69
3849.23
6797.92
1900.05
127.53
2923.36
14137.92
1700.84
4154.05
9760.37
5118.94
1394.82
3706.76
4214.47
436.4
6983.46
1611.86
729.44
13529.13
5070.1
4604.61
1651.69
6452.78
3717.43
4379.88
1683.66
2629.95
11084.71
2246.74
8586.62
862.99
3768.07
9770.31
4605.57
1247.64
1689.9
8915.42
1068.54
413.88
4025.72
421.14
22056.81
3213.14
2508.26
2897.33
4627.58
572.67
496.07
24576.16
10932.82
2403.22
3662.83
152.81
1243.88
1353.71
17333.39
585.97
11191.2
1510.15
7262.11
1550.36
752.35
1503.55
11489.87
588.41
15607.54
3198.7
1419.98
2958.81
2725.64
541.8
1589.51
5931.99
3667.45
13047.7
2042.55
1258.72
9267.27
3228.05
1367.55
16119.52
308.76
315.94
3844.9
11743.72
4816.6
7741.83
4403.0
2804.25
15325.37
767.78
6917.53
