30974.68
17487.81
15488.12
844.81
22603.87
4604.69
6312.19
14231.53
7200.84
6399.51
797.96
10335.88
885.75
1922.75
22104.92
2823.0
907.14
6012.45
984.35
7350.27
6581.65
2695.53
5233.91
700.66
5486.91
1421.42
5688.96
2803.35
221.01
2000.82
43.29
10986.54
4303.58
2663.21
2743.52
16206.54
231.6
5587.76
477.25
4500.65
545.6
11669.4
3619.32
3528.31
2417.51
2268.37
3228.78
7027.4
939.32
4466.12
4282.7
803.53
4608.4
1368.38
5776.05
2529.3
1021.38
15395.09
6061.24
1737.64
3603.59
682.28
2520.32
8404.21
2583.96
6512.91
2347.32
10370.79
971.55
6995.78
9144.86
1787.41
2907.32
939.43
4840.68
1837.2
1581.24
952.35
15052.2
1697.89
12152.42
2561.06
337.61
82.22
100.3
6260.13
278.75
6983.5
5781.55
1586.57
483.21
16922.74
5028.2
2776.19
457.94
12871.06
4116.16
4591.92
5052.1
371.98
9289.75
4617.28
1102.26
503.45
14446.28
7325.81
3377.07
288.41
1566.96
1943.76
795.83
7269.67
1366.52
324.93
16838.95
57.72
17944.35
1991.71
1420.67
920.25
18228.04
1297.72
1738.5
23072.26
2327.87
3959.96
237.88
7816.7
3156.15
2257.73
15093.88
7132.5
6025.36
2256.62
1202.68
3779.21
18534.62
13028.31
69.86
543.23
3801.63
18739.9
2116.16
439.23
6729.78
111.66
19100.25
701.9
163.88
14015.66
1346.83
6650.55
3954.16
3645.62
361.25
113.92
20644.9
758.81
8332.7
3199.17
2085.5
50.22
6996.16
4403.02
2602.98
890.76
4150.84
13952.51
2594.85
11647.0
8100.88
1288.58
950.7
4144.09
2872.31
603.13
1776.25
17812.08
6068.67
480.99
7211.3
958.67
2678.2
1168.49
9234.52
4548.84
418.29
768.28
6112.24
1729.65
1789.86
1702.22
11787.0
1841.37
232.13
17286.0
2691.43
489.12
7711.24
5018.63
804.0
1698.05
2099.74
1588.77
585.97
2169.11
17361.16
198.14
405.58
4232.58
484.9
6349.05
2802.42
4413.77
45.48
4756.55
155.54
5877.15
1396.55
677.74
4566.54
6203.41
831.91
2396.06
1862.47
3089.42
4921.22
384.4
4866.7
425.93
2462.62
1539.8
482.68
3007.06
18005.55
93.67
929.78
3363.37
2530.63
8487.29
3918.68
1256.52
2889.55
8777.72
9269.89
1276.3
586.08
1182.35
14716.83
11143.56
1754.86
1814.86
1602.86
6778.3
6834.79
20232.87
3885.92
6319.3
6006.15
11776.12
4952.29
1645.02
654.87
4175.84
8388.86
15878.28
8575.81
2363.09
3568.9
3670.72
9438.14
107.37
6553.09
1233.14
3230.04
54.49
11093.94
3357.25
2276.17
17143.15
1466.63
6655.57
1000.27
4782.08
1156.29
1380.1
246.83
1340.19
1192.18
1965.52
4093.83
9229.64
1435.85
13489.49
1822.19
6012.14
1006.49
4671.11
2617.23
4422.12
10814.86
4905.01
432.38
543.88
1161.92
1219.0
1268.41
3064.17
5714.64
3492.27
251.96
8614.36
2034.37
5857.94
2519.17
881.0
7567.1
2555.21
129.03
12935.1
563.59
2943.54
516.93
3237.3
12955.37
61.17
8288.3
201.2
1574.12
4191.02
204.48
5718.83
1540.9
248.37
1784.0
2606.27
1939.69
9124.47
483.91
7978.73
1327.1
2377.04
3400.19
13331.92
3412.63
19464.55
3751.19
1260.12
2309.82
2106.63
487.81
6912.38
3557.59
4236.01
3541.13
4660.18
2968.63
2490.95
317.22
6308.02
73.3
1492.97
10833.63
2611.18
242.44
9507.53
2286.17
1199.56
2081.75
4147.67
937.38
3326.9
16406.06
684.71
1047.41
2727.63
24178.78
186.86
3758.45
2312.17
560.89
8020.71
2685.22
1514.93
5856.47
1039.62
1739.45
6083.66
1484.43
708.4
20420.16
7624.57
1851.18
2450.37
13462.74
8975.12
3130.66
7380.55
3732.29
3599.81
13338.47
1142.62
2016.96
8228.14
2556.43
11184.79
418.9
3474.92
4622.64
195.73
871.91
8748.35
620.27
3249.51
23253.58
4119.64
5566.47
8325.44
392.99
7432.58
876.45
1441.61
7244.01
5412.36
2006.8
2498.08
8053.44
1713.39
4699.09
3242.18
15264.19
2220.74
3813.39
8207.36
7379.89
3267.47
1594.26
16306.95
310.08
15732.89
139.19
4970.88
301.81
307.86
402.71
5000.89
5099.57
1504.32
1456.85
5872.78
56.47
3254.6
1722.51
2897.57
2204.43
2530.5
3434.97
19085.82
1844.67
10618.1
2326.84
677.52
16845.92
1346.83
198.74
5880.13
1407.22
5628.18
1470.56
11821.76
2871.41
75.54
1970.7
16252.68
786.09
4349.29
5042.22
120.65
4967.97
861.14
3643.78
328.6
6157.11
1722.51
2103.95
4590.75
5391.82
2403.08
19662.24
2594.31
4810.73
8078.83
846.69
6361.92
6309.33
63.3
1433.76
4096.0
3658.14
1420.24
1109.09
4502.11
1381.87
2659.17
2620.96
5257.77
227.29
2679.56
2198.48
218.27
2091.98
4383.15
3428.57
1743.63
3322.28
7921.09
8595.9
5177.12
2330.98
3350.16
16070.37
3927.61
639.69
7876.5
545.06
3451.67
5773.66
5917.93
1014.83
4920.13
2016.78
3171.5
565.44
2837.56
22215.6
1079.94
3716.75
560.29
1898.89
8507.66
31.76
24544.91
368.85
13457.71
2827.26
9591.23
1185.42
1787.39
1594.72
16136.89
2275.51
15140.42
12842.94
6182.96
1104.91
2043.9
5320.1
10032.89
1418.67
6311.95
2389.16
4638.76
631.89
531.08
5601.82
692.01
1133.69
2366.49
2306.36
6738.91
1107.97
2822.64
4698.14
633.99
5497.33
4142.57
14415.05
813.98
2605.02
8612.1
8028.34
3662.21
825.1
7186.96
8410.41
145.47
3824.33
7546.32
35.74
5655.66
5381.68
255.08
12968.25
692.48
3460.75
5789.14
3400.66
2401.74
6784.4
6209.13
5559.56
1364.42
3140.47
1750.79
6451.88
2246.88
2400.35
2628.0
6285.64
2210.03
2185.21
673.39
3599.73
2907.31
1385.77
5157.25
7237.57
3204.03
986.02
5707.49
2348.6
8032.05
5920.02
2002.97
151.96
18772.92
1893.55
9460.57
1484.71
197.74
18334.91
1417.35
2192.43
4037.27
1983.9
4392.79
757.57
2236.21
3788.8
7515.78
1495.94
552.53
11472.83
11826.94
2853.79
9823.35
2730.62
308.03
14762.53
518.13
5846.07
6257.89
3927.76
5873.28
10828.94
5338.12
1518.44
10919.02
12045.67
341.68
13174.36
2042.79
6188.41
2600.44
105.79
1173.9
1307.06
1103.91
2529.67
1168.71
942.35
82.47
561.77
109.67
5077.8
11674.31
12157.44
4477.53
1696.9
6429.92
710.99
1591.26
13564.87
5559.39
5608.31
2491.65
1503.43
7358.67
2028.72
2469.51
427.73
2657.31
28071.64
659.73
6063.02
2713.71
512.4
13826.25
3486.03
336.81
3027.0
4960.71
1202.28
6349.59
871.05
7478.96
1899.86
3936.55
3323.89
2853.79
6392.3
780.81
1444.49
4014.96
1344.4
8137.98
619.86
369.27
2034.67
14829.12
5075.75
3325.31
693.24
20533.64
1554.15
366.16
22273.31
3669.27
7017.82
1299.11
463.73
5129.42
297.14
1789.32
2729.41
6305.5
5797.48
5853.73
4646.61
113.72
3224.94
6374.23
4393.76
4151.72
3517.95
19336.21
270.33
4797.64
5642.09
589.87
1985.56
13461.15
4071.82
4591.0
13459.25
3347.15
2598.6
3583.5
987.82
8882.76
8494.82
1340.74
1778.77
12928.84
349.16
1861.67
13642.69
2168.66
1065.19
1018.99
91.2
93.12
102.64
9275.3
3042.88
8879.25
6186.98
9756.1
1480.41
3927.1
1162.01
7578.66
5391.31
2691.2
8748.34
410.07
2135.17
7629.78
17346.36
1580.45
6879.61
495.61
2050.85
23390.76
4001.37
3332.31
688.58
3093.54
5490.92
9729.15
3325.91
213.11
326.0
5538.64
5037.81
2782.38
2617.97
1351.15
636.5
24796.13
11038.98
1934.49
1725.8
17356.99
1040.48
12181.58
6226.38
142.62
8971.87
13074.78
4272.05
1696.06
1040.88
9582.08
8725.79
7413.72
658.59
1383.02
10602.88
3340.69
1782.36
1295.03
27854.58
5383.76
5079.89
1289.13
14995.58
7751.61
324.12
3264.75
18877.91
517.81
5277.58
657.24
1618.57
9843.63
746.53
4067.58
866.45
2170.97
18372.96
4572.0
3247.42
92.76
11175.05
3394.66
1563.42
1295.04
2767.2
2035.88
1635.38
1935.69
11135.0
5966.61
3864.53
3581.77
4809.22
1326.78
1436.21
15158.58
343.66
12464.9
4278.8
10756.95
7495.42
1213.65
4089.86
3984.99
10458.95
3969.61
817.19
5179.97
3098.56
2523.02
2148.19
6591.39
4041.51
7644.29
1171.23
2436.32
1819.12
19907.92
2990.2
1119.09
7214.02
584.03
4072.87
8901.08
4746.25
2628.85
1955.53
8362.5
318.5
1437.45
13629.23
617.45
4484.91
1403.63
2847.57
3672.83
28.07
2790.61
18661.62
555.81
9925.02
2605.95
435.11
5777.97
306.9
14060.38
4421.43
599.4
3111.21
1747.54
81.95
2324.68
13281.37
13448.11
1258.5
16352.59
4548.46
2496.41
11919.06
4109.5
3679.32
512.83
1705.06
17848.92
843.36
5021.88
1849.67
306.21
23272.4
4194.09
7541.48
453.01
1915.73
5900.47
4341.95
2820.59
3800.64
1327.87
5351.57
10393.67
2034.17
2498.31
1648.95
14235.45
1262.32
1884.41
499.4
12183.9
592.14
1068.38
7945.77
4426.93
1379.21
19644.28
22841.42
296.21
4205.02
113.94
1822.18
428.15
16772.11
1385.64
2291.34
410.2
6591.84
189.52
6521.15
1940.83
1426.56
9148.53
6061.47
1897.3
3047.12
410.11
3971.7
4863.66
2018.44
22865.17
1334.54
978.06
8575.83
4104.68
1374.26
1873.23
6390.23
4807.5
