18688.93
6599.32
15606.38
1219.11
16298.41
93.26
1876.76
24832.44
4982.27
7294.49
6079.4
2745.82
392.32
900.68
15188.75
6506.28
4982.59
10647.7
7198.28
3712.44
3291.37
372.81
16762.37
1424.26
12889.09
1646.03
3154.51
1708.97
1688.73
21048.09
8368.87
4294.92
669.82
988.14
665.08
86.24
15894.73
2047.72
3159.95
1943.93
25.31
2598.56
2909.16
1195.48
3362.44
15821.96
92.63
327.78
5615.82
854.21
5097.09
7612.17
3027.79
713.85
4302.09
12528.48
9070.95
14323.5
2813.2
1830.39
497.63
823.24
6992.12
8800.37
6520.82
143.16
8219.54
1130.71
9774.65
7754.56
3542.8
6619.79
2179.6
10792.79
60.41
1655.18
14460.05
3596.62
13678.3
1112.13
16961.66
6210.34
5210.22
2635.86
1022.77
4208.62
1642.01
3619.87
1428.19
7831.92
2492.13
3564.78
3364.26
1422.38
1262.65
1485.66
11898.3
2257.47
5598.98
686.44
8273.59
1777.99
3817.48
1504.0
4319.69
814.9
15088.4
1289.6
4577.88
2448.72
2796.45
483.68
3583.11
941.82
4481.09
2620.43
1410.82
1616.81
4762.13
10742.01
886.41
18093.64
926.57
10291.55
4886.54
243.2
2365.39
16809.71
10216.96
7938.31
4478.54
75.63
4303.52
12241.33
511.15
2412.84
12538.12
5840.9
1577.01
1798.45
466.66
9053.29
3312.39
8089.53
2716.4
6400.64
1056.81
2379.99
11354.3
8404.77
4432.94
3991.15
326.81
528.24
5212.99
6490.67
624.19
17330.51
2312.83
5909.94
151.88
2951.97
1495.73
1612.91
13133.29
3821.93
1797.31
3307.08
10861.92
628.22
2308.24
808.91
1459.01
3348.66
2142.93
2664.75
4136.5
6623.99
814.62
694.31
2309.89
959.19
1053.54
6913.34
3851.87
4383.98
4983.15
2851.13
15249.62
315.6
12540.33
17148.08
614.97
795.12
6350.92
12919.62
2018.01
5152.99
1042.07
15116.0
3397.6
2615.81
977.39
3198.29
12777.33
1307.55
109.44
10401.02
2769.68
13949.61
3163.32
1626.6
1856.57
22136.11
2378.52
3625.61
5189.63
1492.12
3569.79
15476.22
119.64
18112.34
2415.81
1825.89
11700.8
1234.5
27276.3
1968.09
5620.0
860.18
1408.26
18357.15
5416.8
362.71
8364.43
5731.48
1952.94
727.35
6756.8
518.73
455.55
10030.29
4213.58
546.47
935.27
13566.38
4045.01
494.83
401.69
4058.51
2827.78
246.54
10631.21
708.65
7834.05
4994.25
1903.0
6113.97
2759.95
7293.91
1347.19
7637.35
221.15
10006.56
5136.94
5050.65
4604.35
6633.69
51.15
298.73
318.74
10179.36
10500.63
9006.79
2075.13
2031.21
4185.08
4770.0
9424.77
9315.57
589.81
1326.14
15014.67
2332.1
5147.06
35.91
16112.32
1004.37
15731.99
4443.93
2641.22
611.93
1916.58
9354.08
10040.64
3014.32
862.28
4791.75
1334.49
1480.44
1303.07
5513.36
8579.78
7798.73
1682.48
3905.99
4666.04
5535.72
43.29
475.27
16972.68
1142.1
7083.07
8079.21
2742.98
325.62
7593.49
1366.96
3998.28
7649.69
2257.39
2590.17
829.09
11354.67
9764.79
5233.22
5108.8
2294.01
5032.46
2512.5
4749.24
1489.49
31.24
4164.87
4087.01
1799.78
17242.37
10195.75
4408.33
7438.91
2779.97
2489.93
11928.38
10638.9
902.67
2102.71
15254.81
2773.36
18000.15
3733.29
1868.4
1636.96
8747.95
4741.02
9528.04
1202.47
5002.29
5713.35
1823.56
369.08
11998.91
2526.16
2249.21
7831.74
1523.52
7120.62
68.19
3214.54
15685.4
2728.68
4598.04
5427.41
2946.45
6699.74
410.11
7494.48
3628.88
1015.36
3064.94
10283.58
2718.4
2584.16
1251.31
4978.61
1048.5
204.45
17413.72
807.67
3624.68
6312.69
5858.22
6458.43
1961.02
3872.91
3261.6
1237.16
7567.05
1211.89
4034.42
774.17
2781.48
208.93
4756.13
2714.88
3879.98
104.92
789.33
5957.62
2129.36
2932.79
6604.54
3863.91
2905.66
15952.1
17453.93
2530.97
3043.88
18091.1
1630.73
5047.77
3875.26
150.68
897.37
14416.8
1978.57
5550.97
4550.29
5937.12
6442.42
11822.69
2192.08
13177.07
219.46
21825.56
3498.95
983.55
3874.86
5598.92
2064.55
2466.13
860.51
2797.82
275.81
9463.38
1723.86
21762.2
2758.93
4576.62
4213.22
2075.4
1051.23
8959.55
1763.99
18664.99
15387.19
3880.4
1415.17
958.95
15296.71
706.07
11192.68
3973.68
9378.84
1069.76
90.29
4864.06
3320.22
2927.27
1496.64
2995.98
1036.88
860.89
16256.0
1403.42
10145.35
688.84
17916.62
3301.69
266.43
384.55
13142.71
884.45
2568.52
7597.68
16165.72
1636.11
618.31
7302.0
15830.75
287.28
2232.06
4409.39
6985.03
345.83
616.98
10123.96
89.38
16048.2
3617.0
215.14
519.1
15992.65
13030.12
184.09
2091.27
11043.97
6124.13
13231.04
4494.69
132.72
17474.34
3828.08
6726.72
3396.5
16914.89
6071.65
851.24
1566.3
6640.29
4981.7
2030.32
2563.39
5671.91
4182.01
930.63
9817.18
4959.41
1328.54
1574.57
2112.72
719.08
6801.19
2470.13
1834.0
493.23
3335.05
280.16
3672.39
5092.96
1223.83
682.18
6053.22
3117.37
3994.39
5112.86
1376.34
2992.24
7677.02
23413.39
2247.87
1014.25
6496.43
310.76
2675.46
18991.5
723.21
8433.52
1203.34
219.18
4409.63
1162.26
11509.43
1404.87
513.72
547.53
4763.97
346.89
6717.21
980.13
893.84
5515.03
985.42
4382.48
150.25
5094.08
26.6
15937.16
10483.34
8417.44
15388.58
10793.53
5687.03
6149.27
707.26
250.98
3608.74
5233.35
4068.49
107.73
230.18
1042.18
1107.46
487.37
2207.45
3538.32
888.43
3825.64
1037.7
1909.08
16774.37
2990.2
5029.54
1808.72
487.15
18397.6
62.42
7356.23
2309.25
6769.85
1652.07
370.34
1825.25
15394.0
13944.09
2841.55
9797.78
7778.74
738.91
301.8
2888.45
16305.53
213.17
7786.84
2679.7
1350.94
5811.4
5589.58
1780.49
10917.37
959.12
679.38
7752.24
5895.6
11701.36
406.74
1141.55
16621.54
1101.28
11754.6
3451.8
3429.13
6515.55
12877.54
404.99
3820.69
2090.81
14742.39
1063.64
22207.3
1234.98
3329.99
1855.02
543.34
13499.21
1179.2
2753.1
4789.4
7168.47
6388.3
3746.92
4181.14
4310.49
53.86
2146.0
12614.96
7806.27
2002.85
4864.64
351.92
4653.6
5403.49
889.06
2513.1
21723.28
2022.13
3637.74
1115.39
5003.6
3342.45
1169.83
2711.28
3224.05
17083.22
5713.33
2094.23
5299.11
4561.28
6761.47
2165.92
2867.72
192.21
16172.11
7023.39
2455.08
4126.94
5246.82
5933.63
10108.1
8482.2
582.32
1838.44
593.26
21922.46
1743.28
376.0
17239.64
554.75
961.53
18102.21
6844.94
3226.59
2294.48
2389.59
5528.73
1745.11
1745.91
2026.93
1109.65
2853.4
714.27
16783.03
7476.49
1493.76
8050.59
1055.94
7044.28
8561.44
525.42
913.0
3625.99
304.38
29.22
3205.31
17209.16
3599.65
10059.1
4539.5
1501.32
17817.26
2541.62
1543.91
8389.59
2337.41
3670.59
2543.75
4853.96
652.82
408.46
2074.49
9434.14
2212.69
5381.61
1594.31
2039.41
9186.55
441.75
880.43
22270.67
1786.28
2380.54
11783.17
2551.31
16628.91
121.78
3822.0
269.56
155.13
2216.36
2689.77
876.74
124.03
10145.36
351.3
523.54
2505.41
1860.32
3595.74
155.99
3320.74
1838.19
4150.0
4459.58
19267.18
7021.83
6745.77
10556.43
721.11
261.39
4594.8
435.66
3873.94
2806.91
1175.21
2042.54
2562.83
8992.38
5693.57
6591.03
1204.18
43.86
20132.87
3266.15
2725.84
6963.98
1376.87
9220.88
3243.36
3831.99
1608.19
6552.06
3327.31
6039.16
113.94
457.08
4360.76
10466.66
627.27
2363.0
9147.59
4396.83
1340.48
3103.66
339.05
268.94
10577.35
6658.96
6720.76
10389.84
5631.82
1398.53
303.13
12253.21
746.63
451.68
476.44
5677.21
2047.42
1267.55
16127.7
906.14
7325.69
5408.56
6235.37
10463.87
4652.47
635.7
3864.13
5347.0
2061.05
3627.21
1628.52
2610.28
1746.47
417.8
6982.4
1254.75
3721.64
3268.13
1427.23
3848.24
721.16
3586.44
1582.72
1363.28
15704.96
11013.01
4965.43
2872.12
4413.02
3334.66
3724.71
1263.29
6694.37
2786.77
3877.28
4796.24
371.15
4006.48
7377.52
1838.44
1273.22
3576.64
759.58
1605.92
5870.19
14122.84
329.77
1629.98
6347.25
6688.66
83.45
2625.44
23851.11
6362.55
7479.87
1462.82
948.13
6582.46
1321.54
1513.05
3431.24
2215.29
1076.21
3545.58
2946.42
8740.54
5817.59
2529.43
13668.99
12362.38
5111.61
900.71
4001.39
5807.78
6727.48
5550.03
411.86
5426.38
1361.04
5630.26
1235.65
3142.75
5694.02
4161.91
2539.35
6418.76
711.09
3565.26
2260.09
1196.81
15995.82
1348.22
8166.3
5710.61
4245.77
497.89
150.44
15993.15
210.83
2316.24
1107.18
1237.61
5915.98
374.66
3014.23
7579.29
191.1
2129.89
4348.37
1518.49
418.1
18696.0
3946.12
6631.26
7141.47
1668.21
13720.38
477.73
2493.59
1565.15
7354.28
3214.73
13439.42
263.9
3264.72
2335.21
7276.76
9207.77
1396.91
760.87
480.11
16761.45
5959.22
4016.34
1268.34
1478.69
431.81
15291.71
4151.97
2168.57
120.59
2386.57
8525.37
4645.18
4125.18
7489.36
4399.59
2169.41
863.1
27474.05
2633.14
15244.08
1748.55
2539.51
6403.75
177.49
7018.76
4489.94
7601.41
4453.23
